258
259
257
260
261
263
264
265
267
262
266
253
254
269
270
271
272
273
274
275
276
245
279
278
280
282
284
283
285
286
287
286
287
285
283
255
280
257
288
291
292
294
289
290
296
297
298
299
300
311
313
314
315
316
301
302
303
312
320
321
323
322
324
325
326
327
328
304
308
309
310
317
318
319
330
331
332
305
306
307
329
333
334
337
339
340
341
342
338
343
346
347
335
336
348
349
350
351
352
353
354
345
344
252
251
236
224
221
219
215
214
208
199
355
356
357
358
359
360
361
362
364
363
365
366
367
368
369
370
372
371
373
374
376
375
377
378
379
380
381
382
384
383
385
386
387
387
388
389
